1 1 1179  72  1187  1
2 78  543 2 621 0
3 3 2158  71  2170  0
4 30  6270  25  6309  0
5 3 7367  50  7373  4
6 20  7807  27  7831  0
7 42  3589  22  3638  0
8 -8  5923  82  5919  5
9 13  -1  14  16  3
10  17  8063  7 -5  0
11  82  6245  33  6334  4
12  43  9888  69  9932  0
13  51  2854  8 2914  0
14  71  3453  86  3527  0
15  11  6429  54  6442  0
16  85  1435  87  1523  3
17  100 9312  33  9417  4
18  49  9934  61  9987  0
19  46  7043  64  7094  0
20  36  1068  15  1105  4
21  43  5834  18  5885  0
22  55  3697  44  3760  1
23  73  9017  29  9094  0
24  80  4333  47  4420  0
25  75  7327  10  7409  5
26  55  1516  6 1574  4
